1 1 5 0 1 2 3 4 
1 2 19 5 6 7 8 9 10 11 12 13 14 15 16 17 18 19 20 21 22 23 
1 3 10 24 24 24 24 24 24 24 24 24 24 
1 4 1 25 
1 5 1 26 
2 1 40 27 28 29 30 31 32 33 34 35 36 37 38 39 40 41 42 43 44 45 46 47 48 49 50 51 52 53 54 55 56 57 58 59 60 61 62 63 64 65 66 
2 2 31 67 68 69 70 71 72 73 74 75 76 77 78 79 80 81 82 83 84 85 86 87 88 89 90 91 92 93 94 37 95 96 
3 1 20 97 51 98 52 99 100 101 102 103 104 105 106 107 108 109 110 111 112 113 114 
4 1 5 115 116 117 118 119 
4 2 46 120 121 122 123 124 125 126 127 128 129 130 131 132 133 134 135 136 137 138 139 140 141 142 143 144 145 146 147 148 149 150 151 152 153 154 155 156 118 117 157 158 159 160 161 162 163 
4 3 1 112 
4 4 55 164 165 166 167 118 117 168 160 169 170 171 172 173 141 174 175 176 177 178 12 6 179 9 180 19 11 181 182 183 184 185 186 187 188 189 190 191 91 192 112 193 194 195 196 122 121 197 29 198 123 199 200 201 202 203 
5 1 21 204 205 36 35 206 207 208 209 210 211 212 213 214 215 216 133 217 218 219 220 150 
6 1 6 221 222 223 224 225 226 
6 2 12 227 53 228 229 230 133 231 232 233 118 234 235 
7 1 20 31 236 237 238 239 240 241 242 243 157 118 117 244 245 246 247 248 249 234 133 
8 1 22 250 251 252 253 254 31 236 255 256 257 258 259 260 261 262 263 141 133 264 265 266 267 
9 1 37 268 269 270 271 272 273 274 275 276 65 200 277 278 36 279 123 280 281 112 282 283 140 249 284 122 154 51 52 285 286 97 287 101 288 289 290 102 
9 2 20 117 168 291 292 293 49 294 275 274 295 296 53 154 248 247 297 298 112 299 300 
9 3 27 301 302 303 304 305 306 123 286 287 97 52 307 53 163 270 308 309 310 304 171 302 299 300 50 311 272 170 
10 1 164 178 5 13 21 16 312 12 7 313 177 14 9 180 19 11 20 150 314 149 148 233 315 316 317 318 319 320 321 322 78 77 323 81 80 79 324 325 326 327 328 329 330 331 332 333 334 335 336 337 338 339 171 340 218 341 342 44 343 344 345 346 347 348 349 350 135 351 305 352 353 304 301 354 355 356 357 242 243 234 249 358 118 117 239 292 359 360 126 361 362 134 363 364 365 366 202 367 368 369 370 371 372 373 68 374 375 376 154 377 165 166 378 379 380 381 382 383 384 385 386 387 388 389 390 391 392 393 394 395 396 397 398 399 400 281 401 402 403 404 405 406 407 408 409 410 411 278 279 412 413 414 415 416 417 418 419 420 48 47 421 422 423 424 425 
10 2 1 112 
11 1 17 426 367 427 428 1 4 3 2 429 258 430 259 431 336 432 433 434 
11 2 18 135 435 436 437 438 439 244 440 441 442 443 444 436 445 446 447 448 449 
11 3 23 351 118 117 168 234 358 239 292 294 247 450 2 4 3 1 21 72 74 75 393 367 390 112 
12 1 32 451 452 453 454 455 456 221 457 458 459 460 461 462 463 464 465 466 433 467 468 253 252 469 470 471 472 473 474 475 476 477 478 
12 2 2 479 206 
12 3 2 474 464 
12 4 19 130 480 481 482 483 484 485 486 487 488 489 82 115 490 452 491 492 91 493 
12 5 13 53 494 495 496 497 498 195 499 500 501 502 417 503 
12 6 2 417 502 
12 7 20 504 505 417 506 507 508 509 510 53 511 512 513 514 515 516 517 220 173 518 519 
12 8 31 223 16 520 242 305 304 521 522 160 523 524 525 526 527 528 151 529 530 28 27 54 53 531 532 533 534 535 536 537 538 539 
13 1 10 540 435 447 541 65 542 135 543 273 446 
13 2 1 112 
13 3 34 544 70 30 412 279 545 546 547 548 549 550 400 551 552 0 420 162 553 270 308 472 120 64 284 122 196 121 154 554 555 38 39 556 112 
13 4 1 112 
13 5 42 65 273 435 557 558 559 306 560 561 401 394 562 563 564 565 555 361 566 154 284 224 235 567 336 568 285 286 162 553 569 570 114 278 571 572 573 542 574 575 576 577 556 
13 6 1 112 
14 1 7 578 579 580 581 582 583 112 
14 2 6 171 338 584 112 580 585 
14 3 6 580 586 584 587 588 112 
15 1 1 112 
16 1 3 282 451 190 
17 1 18 589 590 521 259 430 591 592 431 276 593 483 594 595 116 247 596 33 597 
18 1 9 190 598 599 600 601 602 603 604 112 
18 2 75 580 586 581 302 605 587 304 399 412 281 495 606 607 608 609 280 155 610 611 36 204 205 94 612 613 423 614 615 616 617 64 566 618 619 112 398 279 394 620 621 622 623 624 625 30 626 496 627 628 629 630 43 631 632 633 634 635 636 637 190 638 48 639 640 641 642 643 644 645 646 97 285 50 287 133 
18 3 9 112 378 647 648 649 650 651 652 653 
19 1 25 591 654 655 430 259 158 258 118 656 657 658 161 659 660 661 482 662 385 663 664 665 344 666 667 112 
19 2 7 668 669 670 248 49 671 112 
